  Run_nr	   Alpha	    Beta	      CL	      CD	    Cyaw	 Cm_p_qc	      Ct	      Cn	   Cside	 Cm_roll	Cm_pitch	  Cm_yaw	       V	      Re	       M
       /	 degrees	 degrees	       /	       /	       /	       /	       /	       /	       /	       /	       /	       /	     m/s	       /	       /
       1	  -5.003	   0.000	 -0.3377	-0.039627	 0.01390	 0.04994	-0.068924	 -0.3330	0.013904	-0.00143	 0.13266	-0.00297	   40.20	3.504E+5	   0.118	        	        	        	        	        	        	        	        	        	        	        	        	        	        	        	        	        
       2	   4.995	   0.000	  0.7323	-0.030488	 0.00516	-0.04758	-0.094141	  0.7269	0.005165	-0.00597	-0.22881	-0.00080	   40.21	3.504E+5	   0.118	        	        	        	        	        	        	        	        	        	        	        	        	        	        	        	        	        
       3	   7.000	   0.000	  0.9112	-0.014687	-0.00529	-0.09153	-0.125621	  0.9026	-0.005287	-0.00736	-0.31622	-0.00043	   40.19	3.503E+5	   0.118	        	        	        	        	        	        	        	        	        	        	        	        	        	        	        	        	        
       4	   2.507	   0.000	  0.4845	-0.041522	 0.00778	-0.02621	-0.062673	  0.4822	0.007779	-0.00473	-0.14649	-0.00125	   40.20	3.502E+5	   0.118	        	        	        	        	        	        	        	        	        	        	        	        	        	        	        	        	        
       5	   7.998	   0.000	  0.9862	-0.005968	-0.00583	-0.11191	-0.143130	  0.9758	-0.005830	-0.00782	-0.35469	-0.00060	   40.21	3.501E+5	   0.118	        	        	        	        	        	        	        	        	        	        	        	        	        	        	        	        	        
       6	   7.006	   0.000	  0.8889	0.073603	 0.00044	-0.01747	-0.035372	  0.8913	0.000439	-0.00359	-0.24011	-0.00138	   40.22	3.501E+5	   0.118	        	        	        	        	        	        	        	        	        	        	        	        	        	        	        	        	        
       7	  -5.000	   0.000	 -0.3297	0.048223	 0.00118	 0.07736	0.019303	 -0.3327	0.001185	-0.00095	 0.15972	 0.00162	   40.19	3.497E+5	   0.118	        	        	        	        	        	        	        	        	        	        	        	        	        	        	        	        	        
       8	   7.996	   0.000	  0.9595	0.081056	 0.00078	-0.03616	-0.053191	  0.9614	0.000780	-0.00379	-0.27614	-0.00175	   40.21	3.498E+5	   0.118	        	        	        	        	        	        	        	        	        	        	        	        	        	        	        	        	        
       9	   5.004	   0.000	  0.7129	0.060335	 0.00046	 0.01901	-0.002077	  0.7154	0.000459	-0.00323	-0.16004	-0.00108	   40.20	3.497E+5	   0.118	        	        	        	        	        	        	        	        	        	        	        	        	        	        	        	        	        
      10	   2.503	   0.000	  0.4721	0.048570	 0.00584	 0.03269	0.027905	  0.4738	0.005841	-0.00194	-0.08610	-0.00057	   40.21	3.497E+5	   0.118	        	        	        	        	        	        	        	        	        	        	        	        	        	        	        	        	        
      11	   2.503	   0.000	  0.4695	0.066010	 0.00559	 0.04494	0.045443	  0.4719	0.005590	-0.00106	-0.07351	-0.00035	   40.20	3.495E+5	   0.118	        	        	        	        	        	        	        	        	        	        	        	        	        	        	        	        	        
      12	   2.503	   0.000	  0.4764	0.017048	 0.00665	 0.01194	-0.003774	  0.4767	0.006654	-0.00299	-0.10736	-0.00100	   40.21	3.494E+5	   0.118	        	        	        	        	        	        	        	        	        	        	        	        	        	        	        	        	        
      13	   7.993	   0.000	  0.9699	0.049914	-0.00027	-0.06152	-0.085437	  0.9674	-0.000273	-0.00524	-0.30273	-0.00150	   40.20	3.493E+5	   0.118	        	        	        	        	        	        	        	        	        	        	        	        	        	        	        	        	        
      14	   2.496	   8.000	  0.4970	0.033182	 0.20653	-0.00951	-0.017532	  0.4968	0.209139	 0.01764	-0.13360	-0.05532	   40.20	3.490E+5	   0.118	        	        	        	        	        	        	        	        	        	        	        	        	        	        	        	        	        
      15	   2.496	  -3.995	  0.4781	0.023776	-0.09230	-0.00236	-0.003545	  0.4784	-0.093729	-0.01383	-0.12192	 0.02624	   40.20	3.489E+5	   0.118	        	        	        	        	        	        	        	        	        	        	        	        	        	        	        	        	        
      16	   2.496	   3.995	  0.4721	0.023467	 0.09621	 0.00975	-0.003866	  0.4724	0.097615	 0.00744	-0.10845	-0.02792	   40.14	3.484E+5	   0.118	        	        	        	        	        	        	        	        	        	        	        	        	        	        	        	        	        
      17	   2.496	   3.995	  0.4713	0.024490	 0.09730	 0.00810	-0.002888	  0.4716	0.098768	 0.00656	-0.10990	-0.02767	   40.20	3.488E+5	   0.118	        	        	        	        	        	        	        	        	        	        	        	        	        	        	        	        	        
      18	   2.496	  10.000	  0.5034	0.041413	 0.25176	-0.01933	-0.024852	  0.5028	0.255125	 0.02555	-0.14483	-0.06467	   40.22	3.489E+5	   0.118	        	        	        	        	        	        	        	        	        	        	        	        	        	        	        	        	        
      19	   2.496	   8.005	  0.4964	0.033663	 0.20823	-0.01049	-0.017282	  0.4961	0.210885	 0.01802	-0.13440	-0.05526	   40.22	3.488E+5	   0.118	        	        	        	        	        	        	        	        	        	        	        	        	        	        	        	        	        
      20	   2.496	 -10.000	  0.5122	0.051921	-0.17664	-0.09504	-0.001866	  0.5126	-0.182971	-0.03448	-0.22221	 0.04316	   40.20	3.486E+5	   0.118	        	        	        	        	        	        	        	        	        	        	        	        	        	        	        	        	        
      21	   2.496	   0.000	  0.4673	-0.023274	 0.00705	-0.00081	-0.043600	  0.4658	0.007055	-0.00691	-0.11726	-0.00198	   20.11	1.749E+5	   0.059	        	        	        	        	        	        	        	        	        	        	        	        	        	        	        	        	        
      22	   2.496	   0.000	  0.4569	0.060218	 0.00207	 0.04897	0.040264	  0.4591	0.002067	-0.00421	-0.06631	-0.00077	   20.10	1.748E+5	   0.059	        	        	        	        	        	        	        	        	        	        	        	        	        	        	        	        	        
      23	   2.496	   0.000	  0.4548	0.075059	 0.00209	 0.05743	0.055184	  0.4576	0.002090	-0.00376	-0.05756	-0.00066	   20.09	1.747E+5	   0.059	        	        	        	        	        	        	        	        	        	        	        	        	        	        	        	        	        
      24	   2.496	   0.000	  0.4600	0.032614	 0.00311	 0.02977	0.012553	  0.4610	0.003114	-0.00569	-0.08578	-0.00103	   20.11	1.749E+5	   0.059	        	        	        	        	        	        	        	        	        	        	        	        	        	        	        	        	        
      25	   2.496	  -4.000	  0.4704	0.040143	-0.06572	-0.00486	0.014943	  0.4715	-0.068364	-0.01241	-0.12269	 0.02011	   20.09	1.748E+5	   0.059	        	        	        	        	        	        	        	        	        	        	        	        	        	        	        	        	        
      26	   2.496	  -8.000	  0.4957	0.063735	-0.10628	-0.11233	0.026694	  0.4973	-0.114116	-0.03207	-0.23550	 0.02781	   20.08	1.747E+5	   0.059	        	        	        	        	        	        	        	        	        	        	        	        	        	        	        	        	        
      27	   2.496	   4.000	  0.4619	0.036499	 0.10025	 0.03665	0.009278	  0.4627	0.102547	 0.00588	-0.07940	-0.02986	   20.13	1.752E+5	   0.059	        	        	        	        	        	        	        	        	        	        	        	        	        	        	        	        	        
      28	   2.496	  -9.995	  0.5155	0.074905	-0.14620	-0.14699	0.025900	  0.5171	-0.156984	-0.03650	-0.27476	 0.03413	   20.08	1.748E+5	   0.059	        	        	        	        	        	        	        	        	        	        	        	        	        	        	        	        	        
      29	   2.496	   7.995	  0.5034	0.045292	 0.20648	 0.00278	-0.005804	  0.5036	0.210774	 0.02144	-0.12316	-0.05945	   20.11	1.751E+5	   0.059	        	        	        	        	        	        	        	        	        	        	        	        	        	        	        	        	        
      30	   2.496	  10.000	  0.5095	0.066317	 0.14799	-0.05812	0.017387	  0.5107	0.157262	 0.03523	-0.18520	-0.03966	   20.09	1.749E+5	   0.059	        	        	        	        	        	        	        	        	        	        	        	        	        	        	        	        	        
