  Run_nr	   Alpha	    Beta	      CL	      CD	    Cyaw	 Cm_p_qc	      Ct	      Cn	   Cside	 Cm_roll	Cm_pitch	  Cm_yaw	       V	      Re	       M
       /	 degrees	 degrees	       /	       /	       /	       /	       /	       /	       /	       /	       /	       /	     m/s	       /	       /
       1	  -4.996	   0.000	 -0.3415	-0.035973	-0.02655	 0.05716	-0.065580	 -0.3371	-0.026555	-0.01194	 0.14084	 0.01527	   40.21	3.474E+5	   0.118	        	        	        	        	        	        	        	        	        	        	        	        	        	        	        	        	        
       2	   2.496	   0.000	  0.4828	-0.038547	-0.03050	-0.02227	-0.059537	  0.4806	-0.030500	-0.01290	-0.14220	 0.01378	   40.20	3.471E+5	   0.118	        	        	        	        	        	        	        	        	        	        	        	        	        	        	        	        	        
       3	   5.000	   0.000	  0.7307	-0.026681	-0.03473	-0.05479	-0.090265	  0.7256	-0.034725	-0.01514	-0.23562	 0.01377	   40.19	3.470E+5	   0.118	        	        	        	        	        	        	        	        	        	        	        	        	        	        	        	        	        
       4	   7.000	   0.000	  0.9134	-0.011691	-0.03954	-0.09595	-0.122921	  0.9052	-0.039535	-0.01588	-0.32125	 0.01361	   40.21	3.472E+5	   0.118	        	        	        	        	        	        	        	        	        	        	        	        	        	        	        	        	        
       5	   7.000	   0.000	  0.8885	0.075938	-0.03547	-0.01769	-0.032913	  0.8912	-0.035466	-0.01226	-0.24030	 0.01335	   40.20	3.472E+5	   0.118	        	        	        	        	        	        	        	        	        	        	        	        	        	        	        	        	        
       6	   2.500	   0.000	  0.4703	0.052129	-0.03704	 0.03489	0.031564	  0.4721	-0.037036	-0.01129	-0.08350	 0.01547	   40.19	3.470E+5	   0.118	        	        	        	        	        	        	        	        	        	        	        	        	        	        	        	        	        
       7	   5.000	   0.000	  0.7120	0.062858	-0.03613	 0.01432	0.000566	  0.7148	-0.036133	-0.01225	-0.16453	 0.01443	   40.22	3.472E+5	   0.118	        	        	        	        	        	        	        	        	        	        	        	        	        	        	        	        	        
       8	  -4.995	   0.000	 -0.3310	0.051484	-0.03949	 0.08322	0.022465	 -0.3342	-0.039485	-0.01142	 0.16591	 0.01990	   40.20	3.468E+5	   0.118	        	        	        	        	        	        	        	        	        	        	        	        	        	        	        	        	        
       9	   2.496	   0.000	  0.4688	0.068666	-0.03470	 0.04764	0.048184	  0.4713	-0.034698	-0.00977	-0.07069	 0.01578	   40.20	3.466E+5	   0.118	        	        	        	        	        	        	        	        	        	        	        	        	        	        	        	        	        
      10	   2.496	   0.000	  0.4748	0.019895	-0.03235	 0.01592	-0.000803	  0.4752	-0.032350	-0.01143	-0.10305	 0.01463	   40.20	3.466E+5	   0.118	        	        	        	        	        	        	        	        	        	        	        	        	        	        	        	        	        
      11	   2.496	   3.995	  0.4734	0.024250	 0.05813	 0.01746	-0.000496	  0.4738	0.059674	-0.00187	-0.10117	-0.01284	   40.20	3.466E+5	   0.118	        	        	        	        	        	        	        	        	        	        	        	        	        	        	        	        	        
      12	   2.496	   8.000	  0.4969	0.031168	 0.16495	 0.00220	-0.013742	  0.4968	0.167681	 0.00874	-0.12202	-0.03920	   40.21	3.466E+5	   0.118	        	        	        	        	        	        	        	        	        	        	        	        	        	        	        	        	        
      13	   2.496	  10.000	  0.5029	0.037742	 0.21137	-0.00555	-0.021440	  0.5025	0.214710	 0.01647	-0.13111	-0.04898	   40.19	3.464E+5	   0.118	        	        	        	        	        	        	        	        	        	        	        	        	        	        	        	        	        
      14	   2.496	   0.000	  0.4758	0.038599	-0.04452	 0.01776	0.017841	  0.4770	-0.044518	-0.00963	-0.10167	 0.01455	   20.10	1.735E+5	   0.059	        	        	        	        	        	        	        	        	        	        	        	        	        	        	        	        	        
      15	   2.496	   8.000	  0.5028	0.044749	 0.15491	 0.00843	0.000835	  0.5033	0.159631	 0.01295	-0.11748	-0.03975	   20.09	1.736E+5	   0.059	        	        	        	        	        	        	        	        	        	        	        	        	        	        	        	        	        
      16	   2.496	   4.000	  0.4762	0.039390	 0.05025	 0.03010	0.015012	  0.4774	0.052877	 0.00092	-0.08955	-0.01334	   20.12	1.739E+5	   0.059	        	        	        	        	        	        	        	        	        	        	        	        	        	        	        	        	        
      17	   2.496	   9.995	  0.5086	0.063812	 0.09848	-0.04962	0.023557	  0.5101	0.108065	 0.02677	-0.17663	-0.02082	   20.09	1.737E+5	   0.059	        	        	        	        	        	        	        	        	        	        	        	        	        	        	        	        	        
