17.000,417.749,1012.141,15.020,1.224,979.072,40.004,451325.932,0.000,0.000,0.000,0.000,7.996,-0.005,82.159,0.000,0.166,-0.054,23.667,0.000,31.763,82.001,66.428,0.042,2.220,22.728,2.057,31.770,23.000,2.000,2026.000,13.000,16.000,12.000
17.000,417.760,1012.149,15.020,1.224,979.098,40.005,451333.703,0.000,0.000,0.000,0.000,7.996,-0.005,82.042,0.000,0.132,0.256,23.671,0.000,31.581,81.992,56.697,0.040,0.671,22.733,1.312,31.766,23.000,2.000,2026.000,13.000,16.000,12.000
17.000,417.760,1012.156,15.020,1.224,979.098,40.005,451335.264,0.000,0.000,0.000,0.000,7.996,-0.005,81.993,0.000,0.119,0.927,23.649,0.000,31.798,82.051,67.037,0.045,1.271,22.707,1.173,31.724,23.000,2.000,2026.000,13.000,16.000,13.000
17.000,417.652,1012.164,15.020,1.224,978.843,39.999,451278.253,0.000,0.000,0.000,0.000,7.996,-0.005,82.018,0.000,0.053,1.091,23.627,0.000,31.805,82.147,73.751,0.264,1.167,22.705,1.698,31.168,23.000,2.000,2026.000,13.000,16.000,13.000
17.000,417.620,1012.165,15.020,1.224,978.767,39.998,451261.054,0.000,0.000,0.000,0.000,7.996,-0.005,82.052,0.000,0.104,0.633,23.616,0.000,31.780,81.973,74.640,0.037,-0.262,22.691,1.210,31.745,23.000,2.000,2026.000,13.000,16.000,14.000
17.000,417.607,1012.162,15.020,1.224,978.737,39.997,451253.307,0.000,0.000,0.000,0.000,7.996,-0.005,82.059,0.000,0.125,0.458,23.627,0.000,31.857,81.983,69.078,0.023,0.469,22.674,1.004,31.829,23.000,2.000,2026.000,13.000,16.000,14.000
17.000,417.615,1012.164,15.020,1.224,978.756,39.997,451258.109,0.000,0.000,0.000,0.000,7.996,-0.005,82.041,0.000,0.127,0.987,23.616,0.000,31.864,82.001,68.455,0.072,1.140,22.647,0.479,31.742,23.000,2.000,2026.000,13.000,16.000,15.000
17.000,417.602,1012.172,15.020,1.224,978.725,39.997,451252.814,0.000,0.000,0.000,0.000,7.996,-0.005,81.993,0.000,0.078,0.845,23.595,0.000,31.770,81.966,56.796,0.028,2.241,22.665,0.541,31.920,23.000,2.000,2026.000,13.000,16.000,15.000
17.000,417.574,1012.174,15.020,1.224,978.659,39.995,451238.015,0.000,0.000,0.000,0.000,7.996,-0.005,81.940,0.000,0.046,0.284,23.572,0.000,32.099,81.983,60.775,0.016,-0.060,22.652,0.495,31.833,23.000,2.000,2026.000,13.000,16.000,16.000
17.000,417.509,1012.179,15.020,1.224,978.505,39.992,451203.737,0.000,0.000,0.000,0.000,7.996,-0.005,82.053,0.000,0.066,0.393,23.557,0.000,31.665,82.012,62.141,0.017,0.578,22.627,0.536,31.801,23.000,2.000,2026.000,13.000,16.000,16.000
17.000,417.426,1012.186,15.020,1.224,978.309,39.988,451160.099,0.000,0.000,0.000,0.000,7.996,-0.005,81.975,0.000,0.020,0.278,23.570,0.000,31.787,82.008,59.150,0.042,1.958,22.607,0.418,31.899,23.000,2.000,2026.000,13.000,16.000,17.000
17.000,417.429,1012.193,15.000,1.224,978.316,39.986,451203.282,0.000,0.000,0.000,0.000,7.996,-0.005,82.175,0.000,0.177,0.960,23.559,0.000,31.826,82.022,57.782,0.029,0.120,22.601,1.136,31.875,23.000,2.000,2026.000,13.000,16.000,17.000
17.000,417.471,1012.193,15.020,1.224,978.415,39.990,451186.165,0.000,0.000,0.000,0.000,7.996,-0.005,81.985,0.000,0.058,1.314,23.504,0.000,31.896,82.114,58.355,0.106,0.054,22.597,1.642,31.815,23.000,2.000,2026.000,13.000,16.000,18.000
17.000,417.532,1012.198,15.000,1.224,978.560,39.991,451260.490,0.000,0.000,0.000,0.000,7.996,-0.005,81.980,0.000,0.027,0.714,23.520,0.000,31.850,82.083,72.224,0.077,0.360,22.570,1.303,31.864,23.000,2.000,2026.000,13.000,16.000,18.000
17.000,417.639,1012.201,15.000,1.224,978.812,39.996,451319.423,0.000,0.000,0.000,0.000,7.996,-0.005,82.060,0.000,0.047,1.827,23.492,0.000,31.906,81.958,78.384,0.023,1.080,22.562,1.169,31.833,23.000,2.000,2026.000,13.000,16.000,19.000
17.000,417.590,1012.198,15.000,1.224,978.697,39.994,451292.073,0.000,0.000,0.000,0.000,7.996,-0.005,81.956,0.000,0.017,1.527,23.478,0.000,31.871,82.000,55.579,0.029,0.164,22.562,0.419,31.878,23.000,2.000,2026.000,13.000,16.000,19.000
17.000,417.512,1012.192,15.000,1.224,978.512,39.991,451248.261,0.000,0.000,0.000,0.000,7.996,-0.005,81.977,0.000,0.097,2.209,23.474,0.000,31.878,82.063,45.356,0.127,0.093,22.516,1.525,31.903,23.000,2.000,2026.000,13.000,16.000,20.000
17.000,417.466,1012.191,15.000,1.224,978.404,39.988,451222.987,0.000,0.000,0.000,0.000,7.996,-0.005,82.009,0.000,0.062,1.418,23.465,0.000,31.854,82.000,51.094,0.032,0.829,22.536,0.235,31.871,23.000,2.000,2026.000,13.000,16.000,20.000
17.000,417.431,1012.195,15.000,1.224,978.321,39.987,451204.817,0.000,0.000,0.000,0.000,7.996,-0.005,82.159,0.000,0.302,3.038,23.445,0.000,31.952,81.989,56.189,0.018,1.042,22.522,2.148,31.861,23.000,2.000,2026.000,13.000,16.000,21.000
17.000,417.499,1012.196,15.000,1.224,978.482,39.990,451242.073,0.000,0.000,0.000,0.000,7.996,-0.005,82.032,0.000,0.127,1.669,23.458,0.000,31.402,81.990,49.711,0.018,0.442,22.516,1.196,31.857,23.000,2.000,2026.000,13.000,16.000,21.000
17.000,417.538,1012.187,15.000,1.224,978.574,39.992,451261.305,0.000,0.000,0.000,0.000,7.996,-0.005,82.015,0.000,0.030,-0.229,23.462,0.000,31.731,82.063,58.344,0.060,0.333,22.501,0.392,31.717,23.000,2.000,2026.000,13.000,16.000,22.000
17.000,417.635,1012.175,15.000,1.224,978.803,39.997,451311.448,0.000,0.000,0.000,0.000,7.996,-0.005,81.979,0.000,0.068,1.554,23.431,0.000,31.731,81.998,65.447,0.019,0.627,22.484,0.417,31.840,23.000,2.000,2026.000,13.000,16.000,22.000
17.000,417.607,1012.166,15.000,1.224,978.737,39.996,451294.196,0.000,0.000,0.000,0.000,7.996,-0.005,82.091,0.000,0.065,1.538,23.417,0.000,31.658,82.037,53.551,0.097,1.074,22.471,0.724,31.920,23.000,2.000,2026.000,13.000,16.000,23.000
17.000,417.634,1012.158,15.000,1.224,978.800,39.997,451307.114,0.000,0.000,0.000,0.000,7.996,-0.005,82.054,0.000,0.058,0.518,23.412,0.000,31.913,81.956,64.636,0.017,-0.202,22.459,1.267,31.871,23.000,2.000,2026.000,13.000,16.000,23.000
17.000,417.696,1012.156,15.000,1.224,978.947,40.000,451340.425,0.000,0.000,0.000,0.000,7.996,-0.005,81.978,0.000,0.063,-0.425,23.397,0.000,32.081,82.068,64.103,0.086,0.404,22.455,1.202,32.137,23.000,2.000,2026.000,13.000,16.000,24.000
17.000,417.684,1012.160,14.980,1.224,978.919,39.998,451374.791,0.000,0.000,0.000,0.000,7.996,-0.005,81.943,0.000,0.025,0.262,23.384,0.000,31.808,81.997,46.609,0.026,0.867,22.444,0.597,31.808,23.000,2.000,2026.000,13.000,16.000,24.000
17.000,417.621,1012.161,14.980,1.224,978.770,39.995,451340.709,0.000,0.000,0.000,0.000,7.996,-0.005,82.110,0.000,0.141,1.053,23.365,0.000,31.836,82.022,55.689,0.063,2.601,22.402,0.956,31.973,23.000,2.000,2026.000,13.000,16.000,25.000
17.000,417.622,1012.159,14.980,1.224,978.772,39.995,451340.807,0.000,0.000,0.000,0.000,7.996,-0.005,81.978,0.000,0.050,0.758,23.362,0.000,31.798,81.977,46.160,0.028,3.218,22.401,0.156,31.906,23.000,2.000,2026.000,13.000,16.000,25.000
17.000,417.619,1012.155,14.980,1.224,978.765,39.995,451338.282,0.000,0.000,0.000,0.000,7.996,-0.005,82.011,0.000,0.066,-0.005,23.346,0.000,31.784,82.032,61.850,0.059,0.196,22.400,0.180,31.847,23.000,2.000,2026.000,13.000,16.000,26.000
17.000,417.577,1012.154,14.980,1.224,978.666,39.993,451315.188,0.000,0.000,0.000,0.000,7.996,-0.005,82.059,0.000,0.078,0.878,23.321,0.000,31.507,82.062,52.072,0.081,3.818,22.365,0.564,31.871,23.000,2.000,2026.000,13.000,16.000,26.000
