18.000,417.762,1012.190,15.040,1.224,979.103,40.005,451303.935,0.000,0.000,0.000,0.000,2.503,-0.005,70.264,0.000,0.124,-1.151,21.098,0.000,28.886,70.327,126.644,0.060,-0.971,20.359,0.697,29.859,23.000,2.000,2026.000,13.000,18.000,29.000
18.000,417.778,1012.170,15.040,1.224,979.141,40.007,451308.185,0.000,0.000,0.000,0.000,2.503,-0.005,70.349,0.000,0.102,0.436,21.076,0.000,28.808,70.270,124.746,0.050,-3.643,20.367,1.468,29.771,23.000,2.000,2026.000,13.000,18.000,30.000
18.000,417.794,1012.161,15.040,1.224,979.178,40.008,451314.887,0.000,0.000,0.000,0.000,2.503,-0.005,70.231,0.000,0.088,-1.391,21.083,0.000,28.612,70.437,139.398,0.050,-2.323,20.368,2.271,29.726,23.000,2.000,2026.000,13.000,18.000,30.000
18.000,417.818,1012.146,15.060,1.223,979.235,40.010,451284.613,0.000,0.000,0.000,0.000,2.503,-0.005,70.272,0.000,0.097,0.354,21.077,0.000,29.102,70.244,142.080,0.055,-1.194,20.343,0.601,29.775,23.000,2.000,2026.000,13.000,18.000,31.000
18.000,417.797,1012.114,15.040,1.223,979.185,40.009,451306.042,0.000,0.000,0.000,0.000,2.503,-0.005,70.215,0.000,0.092,-1.985,21.085,0.000,29.088,70.248,139.449,0.028,-0.687,20.340,0.906,29.918,23.000,2.000,2026.000,13.000,18.000,31.000
18.000,417.840,1012.095,15.040,1.223,979.287,40.011,451325.208,0.000,0.000,0.000,0.000,2.503,-0.005,70.369,0.000,0.123,-0.469,21.072,0.000,28.966,70.291,138.349,0.092,-0.005,20.323,1.046,30.251,23.000,2.000,2026.000,13.000,18.000,32.000
18.000,417.824,1012.083,15.040,1.223,979.249,40.010,451313.825,0.000,0.000,0.000,0.000,2.503,-0.005,70.320,0.000,0.081,-2.312,21.070,0.000,28.899,70.219,140.795,0.061,-0.813,20.328,1.258,29.978,23.000,2.000,2026.000,13.000,18.000,32.000
18.000,417.832,1012.077,15.060,1.223,979.268,40.012,451276.849,0.000,0.000,0.000,0.000,2.503,-0.005,70.273,0.000,0.036,0.224,21.033,0.000,28.931,70.270,135.929,0.062,-1.113,20.330,0.317,29.894,23.000,2.000,2026.000,13.000,18.000,33.000
18.000,417.840,1012.075,15.060,1.223,979.287,40.013,451280.756,0.000,0.000,0.000,0.000,2.503,-0.005,70.342,0.000,0.101,-0.676,21.026,0.000,28.763,70.321,139.769,0.079,-2.312,20.309,0.630,29.757,23.000,2.000,2026.000,13.000,18.000,33.000
18.000,417.792,1012.071,15.060,1.223,979.174,40.011,451253.743,0.000,0.000,0.000,0.000,2.503,-0.005,70.328,0.000,0.114,-2.983,21.032,0.000,28.840,70.304,137.161,0.116,-0.311,20.315,1.127,29.897,23.000,2.000,2026.000,13.000,18.000,34.000
18.000,417.762,1012.066,15.060,1.223,979.103,40.009,451236.301,0.000,0.000,0.000,0.000,2.503,-0.005,70.319,0.000,0.041,-2.296,21.043,0.000,28.843,70.284,134.442,0.053,-2.067,20.316,0.473,30.191,23.000,2.000,2026.000,13.000,18.000,34.000
18.000,417.727,1012.067,15.060,1.223,979.020,40.008,451217.476,0.000,0.000,0.000,0.000,2.503,-0.005,70.286,0.000,0.106,-0.753,21.029,0.000,28.721,70.305,121.658,0.042,-1.151,20.307,0.771,29.799,23.000,2.000,2026.000,13.000,18.000,35.000
18.000,417.646,1012.069,15.060,1.223,978.829,40.004,451173.835,0.000,0.000,0.000,0.000,2.503,-0.005,70.371,0.000,0.086,0.704,20.997,0.000,28.749,70.315,131.166,0.067,-2.498,20.308,0.790,29.764,23.000,2.000,2026.000,13.000,18.000,35.000
18.000,417.602,1012.082,15.060,1.223,978.725,40.001,451152.782,0.000,0.000,0.000,0.000,2.503,-0.005,70.237,0.000,0.137,-1.794,21.021,0.000,29.162,70.314,141.033,0.100,-1.478,20.305,1.820,29.985,23.000,2.000,2026.000,13.000,18.000,36.000
18.000,417.534,1012.087,15.060,1.223,978.564,39.998,451116.880,0.000,0.000,0.000,0.000,2.503,-0.005,70.404,0.000,0.241,0.098,21.009,0.000,28.945,70.269,133.452,0.078,-1.849,20.271,2.119,29.813,23.000,2.000,2026.000,13.000,18.000,36.000
18.000,417.512,1012.091,15.060,1.223,978.512,39.997,451105.794,0.000,0.000,0.000,0.000,2.503,-0.005,70.306,0.000,0.058,-2.465,21.004,0.000,29.127,70.276,132.150,0.066,0.262,20.285,0.415,30.093,23.000,2.000,2026.000,13.000,18.000,37.000
18.000,417.447,1012.095,15.060,1.223,978.359,39.993,451071.298,0.000,0.000,0.000,0.000,2.503,-0.005,70.268,0.000,0.133,-1.718,21.001,0.000,29.099,70.223,145.076,0.081,-2.803,20.290,1.167,30.065,23.000,2.000,2026.000,13.000,18.000,37.000
18.000,417.351,1012.105,15.060,1.223,978.132,39.989,451021.257,0.000,0.000,0.000,0.000,2.503,-0.005,70.424,0.000,0.091,-0.758,20.986,0.000,28.966,70.341,137.831,0.093,-1.036,20.293,1.414,29.691,23.000,2.000,2026.000,13.000,18.000,38.000
18.000,417.287,1012.116,15.060,1.223,977.981,39.985,450988.858,0.000,0.000,0.000,0.000,2.503,-0.005,70.235,0.000,0.057,-2.225,20.996,0.000,29.005,70.249,143.880,0.055,-1.053,20.265,0.445,29.978,23.000,2.000,2026.000,13.000,18.000,38.000
18.000,417.323,1012.115,15.060,1.223,978.066,39.987,451008.239,0.000,0.000,0.000,0.000,2.503,-0.005,70.428,0.000,0.075,-1.063,20.979,0.000,28.731,70.316,139.493,0.072,-1.843,20.278,1.410,29.806,23.000,2.000,2026.000,13.000,18.000,39.000
18.000,417.411,1012.113,15.060,1.223,978.274,39.991,451055.709,0.000,0.000,0.000,0.000,2.503,-0.005,70.248,0.000,0.050,-1.516,20.969,0.000,28.966,70.303,145.825,0.081,-2.481,20.269,1.028,29.890,23.000,2.000,2026.000,13.000,18.000,39.000
18.000,417.508,1012.111,15.060,1.223,978.503,39.996,451108.074,0.000,0.000,0.000,0.000,2.503,-0.005,70.338,0.000,0.124,0.420,20.983,0.000,28.952,70.239,149.575,0.049,-1.042,20.247,0.994,29.929,23.000,2.000,2026.000,13.000,18.000,40.000
18.000,417.691,1012.107,15.060,1.223,978.935,40.005,451206.798,0.000,0.000,0.000,0.000,2.503,-0.005,70.330,0.000,0.148,-1.593,20.933,0.000,29.229,70.389,150.240,0.132,0.578,20.286,1.600,30.338,23.000,2.000,2026.000,13.000,18.000,40.000
18.000,417.761,1012.111,15.060,1.223,979.100,40.008,451245.789,0.000,0.000,0.000,0.000,2.503,-0.005,70.261,0.000,0.047,-1.091,20.953,0.000,29.075,70.214,144.996,0.023,-1.238,20.248,0.653,29.960,23.000,2.000,2026.000,13.000,18.000,41.000
18.000,417.788,1012.111,15.080,1.223,979.164,40.011,451220.499,0.000,0.000,0.000,0.000,2.503,-0.005,70.251,0.000,0.099,-2.241,20.953,0.000,29.309,70.336,147.875,0.075,-0.115,20.226,0.852,29.936,23.000,2.000,2026.000,13.000,18.000,41.000
18.000,417.729,1012.102,15.060,1.223,979.025,40.007,451226.366,0.000,0.000,0.000,0.000,2.503,-0.005,70.369,0.000,0.106,-1.227,20.936,0.000,28.802,70.198,143.785,0.064,0.840,20.241,2.480,29.880,23.000,2.000,2026.000,13.000,18.000,42.000
18.000,417.723,1012.105,15.060,1.223,979.011,40.007,451223.769,0.000,0.000,0.000,0.000,2.503,-0.005,70.230,0.000,0.103,-2.023,20.910,0.000,28.966,70.227,129.790,0.051,-1.331,20.218,0.635,29.904,23.000,2.000,2026.000,13.000,18.000,42.000
18.000,417.697,1012.095,15.060,1.223,978.949,40.006,451207.389,0.000,0.000,0.000,0.000,2.503,-0.005,70.399,0.000,0.108,-0.731,20.935,0.000,28.395,70.380,134.545,0.065,-1.593,20.245,0.743,29.729,23.000,2.000,2026.000,13.000,18.000,43.000
18.000,417.676,1012.084,15.060,1.223,978.900,40.005,451193.507,0.000,0.000,0.000,0.000,2.503,-0.005,70.205,0.000,0.060,-0.736,20.932,0.000,28.977,70.352,131.780,0.063,-1.211,20.236,1.733,29.820,23.000,2.000,2026.000,13.000,18.000,43.000
18.000,417.640,1012.084,15.060,1.223,978.815,40.003,451173.912,0.000,0.000,0.000,0.000,2.503,-0.005,70.258,0.000,0.102,0.196,20.927,0.000,28.777,70.231,135.548,0.071,1.107,20.215,0.934,30.016,23.000,2.000,2026.000,13.000,18.000,44.000
